00000010001100101000000000100000
00000010001100101000000000100000
00000010001100101000000000100010
00000010001100101000000000100011
00000010001100101000000000100100
00000010001100101000000000100101
00000010001100101000000000100111
00000001001010100100000000100110
00000001001010100000000000011010
00000001100010100000000000011011
00000000000100011000001010000000
00000000000100011000001010000010
00000010001100111000000000101010
00000010001100111000000000101011
00000011111000000000000000001000
00000000000000000101100000010000
00000000000000001001000000010010
00000001010010110000000000011000
00000001001010000000000000011001
00100010001100001111111110011100
00100110001100000000000001100100
00110010001100000000000001100100
00110110001100000000000001100100
00101010001100000000000001100100
00101110001100000000000001100100
00010010000100011111111111111000
00010110000100011111111111100101
00000110000000001111111111110110
00000110001000001111111111110101
10001110001100000000000001100100
10101110001100000000000001100100
00111100000100000000000001100100
